----------------------------------------------------
번호  이름    국어  영어  수학  총점  평균    등수
----------------------------------------------------
 1   뚱이2      100  100  100  300  100.00  1
 2   뚱이       99  99  99  297  99.00  2
 3   소라       99  99  99  297  99.00  2
 4   오호       100  50  100  250  83.33  4
 5   다람이      78  88  22  188  62.67  5
 10   미하       9  4  2  15  5.00  6
 6   밀끄       5  3  4  12  4.00  7
 7   미노       5  3  2  10  3.33  8
 8   주스       1  2  3  6  2.00  9
 9   메타몽      0  0  0  0  0.00  10
----------------------------------------------------
